2 0.464614 0.792593 0.00827206 0.0148148 0.397949
2 0.49954 0.547685 0.0101103 0.0175926 0.501465
3 0.481618 0.785185 0.00735294 0.0148148 0.506348
2 0.306985 0.933333 0.00919118 0.0111111 0.550781
3 0.481618 0.793519 0.00735294 0.0166667 0.60498
3 0.388787 0.787963 0.0202206 0.00925926 0.605957
3 0.389706 0.7 0.0220588 0.0111111 0.612305
3 0.390165 0.809722 0.0193015 0.00833333 0.621094
3 0.389706 0.818519 0.0183824 0.00740741 0.638184
2 0.480699 0.783333 0.00735294 0.0111111 0.683594
3 0.464154 0.795833 0.00919118 0.0212963 0.713867
3 0.390165 0.830093 0.0174632 0.00833333 0.72998
2 0.477941 0.756944 0.0110294 0.012037 0.730469
2 0.512868 0.611111 0.0110294 0.0148148 0.730469
3 0.391085 0.751852 0.0211397 0.0111111 0.736816
3 0.391544 0.741667 0.0220588 0.00925926 0.743652
3 0.390165 0.799074 0.0211397 0.00925926 0.752441
3 0.512408 0.615741 0.0119485 0.0222222 0.771973
3 0.477482 0.760648 0.0101103 0.0212963 0.775391
0 0.594669 0.614815 0.0220588 0.0407407 0.777344
0 0.545956 0.025 0.0183824 0.0259259 0.806152
0 0.546415 0.0601852 0.0174632 0.0314815 0.8125
3 0.499081 0.55 0.0110294 0.0259259 0.822266
0 0.131893 0.706481 0.0450368 0.0388889 0.851562
0 0.551011 0.0912037 0.0174632 0.0287037 0.852051
0 0.574449 0.397222 0.0238971 0.0425926 0.870117
0 0.528493 0.389815 0.0220588 0.0388889 0.875977
1 0.448989 0.612037 0.0229779 0.0462963 0.882812
0 0.509651 0.0703704 0.0174632 0.0296296 0.891602
0 0.508732 0.675 0.0248162 0.05 0.902832
0 0.173713 0.834722 0.0275735 0.0564815 0.903809
1 0.0785846 0.833333 0.0340074 0.062963 0.910156
1 0.138787 0.835185 0.0367647 0.0666667 0.916016
0 0.236213 0.908796 0.0625 0.0305556 0.916992
0 0.511949 0.75463 0.0238971 0.0537037 0.917969
0 0.454963 0.716667 0.0238971 0.0592593 0.921875
0 0.888327 0.880556 0.0634191 0.0351852 0.924316
1 0.566176 0.450463 0.0238971 0.0509259 0.933105
0 0.380055 0.875926 0.0505515 0.062963 0.944336
