1 0.30026041666666664 0.8666666666666667 0.1015625 0.053703703703703705
1 0.31796875 0.8222222222222222 0.09635416666666667 0.05925925925925926
1 0.334375 0.7277777777777777 0.08333333333333333 0.06111111111111111
1 0.24296875 0.812037037037037 0.034895833333333334 0.1648148148148148
3 0.46197916666666666 0.9101851851851852 0.008333333333333333 0.022222222222222223
3 0.32864583333333336 0.5648148148148148 0.009375 0.011111111111111112
3 0.315625 0.562037037037037 0.011458333333333333 0.016666666666666666
3 0.25052083333333336 0.475462962962963 0.013541666666666667 0.010185185185185186
3 0.09401041666666667 0.2023148148148148 0.005729166666666666 0.012037037037037037
3 0.017708333333333333 0.20694444444444443 0.008333333333333333 0.013888888888888888
3 0.008072916666666667 0.21342592592592594 0.0046875 0.019444444444444445
0 0.12005208333333334 0.21851851851851853 0.019270833333333334 0.04259259259259259
0 0.13828125 0.2162037037037037 0.018229166666666668 0.04537037037037037
0 0.16979166666666667 0.22083333333333333 0.01875 0.041666666666666664
0 0.18541666666666667 0.21203703703703702 0.016666666666666666 0.037037037037037035
0 0.23333333333333334 0.21481481481481482 0.028125 0.025925925925925925
0 0.27239583333333334 0.2337962962962963 0.028125 0.028703703703703703
0 0.3690104166666667 0.06527777777777778 0.0203125 0.041666666666666664
0 0.3671875 0.02361111111111111 0.010416666666666666 0.030555555555555555
0 0.3802083333333333 0.06527777777777778 0.010416666666666666 0.032407407407407406
0 0.44296875 0.060648148148148145 0.009895833333333333 0.041666666666666664
0 0.45703125 0.11203703703703703 0.03177083333333333 0.022222222222222223
0 0.45625 0.06481481481481481 0.009375 0.04259259259259259
0 0.46640625 0.05787037037037037 0.009895833333333333 0.03981481481481482
0 0.48776041666666664 0.07037037037037037 0.009895833333333333 0.03333333333333333
1 0.55 0.03564814814814815 0.014583333333333334 0.04351851851851852
0 0.5880208333333333 0.06712962962962964 0.025 0.021296296296296296
2 0.28541666666666665 0.5175925925925926 0.004166666666666667 0.012962962962962963
2 0.27734375 0.5277777777777778 0.0046875 0.018518518518518517
