0 0.6955729166666667 0.6050925925925926 0.016145833333333335 0.01574074074074074
0 0.6919270833333333 0.5921296296296297 0.018229166666666668 0.012037037037037037
0 0.6888020833333334 0.5791666666666667 0.0140625 0.012037037037037037
0 0.6859375 0.5652777777777778 0.020833333333333332 0.01574074074074074
0 0.6794270833333333 0.5537037037037037 0.0171875 0.018518518518518517
0 0.6791666666666667 0.549074074074074 0.01875 0.009259259259259259
0 0.6760416666666667 0.537962962962963 0.0125 0.011111111111111112
0 0.6716145833333333 0.525 0.013020833333333334 0.011111111111111112
0 0.675 0.5180555555555556 0.013541666666666667 0.013888888888888888
0 0.6736979166666667 0.5078703703703704 0.009895833333333333 0.006481481481481481
0 0.6619791666666667 0.6888888888888889 0.0125 0.03148148148148148
0 0.64140625 0.637962962962963 0.0109375 0.024074074074074074
0 0.60625 0.5097222222222222 0.011458333333333333 0.021296296296296296
0 0.59375 0.47453703703703703 0.00625 0.017592592592592594
0 0.58828125 0.45601851851851855 0.0078125 0.013888888888888888
0 0.58125 0.38657407407407407 0.00625 0.013888888888888888
0 0.5658854166666667 0.38842592592592595 0.0078125 0.008333333333333333
0 0.5627604166666667 0.375 0.0067708333333333336 0.011111111111111112
0 0.52734375 0.2574074074074074 0.0078125 0.007407407407407408
0 0.5677083333333334 0.2101851851851852 0.00625 0.009259259259259259
0 0.5513020833333333 0.16620370370370371 0.0067708333333333336 0.008333333333333333
0 0.5518229166666667 0.15648148148148147 0.0067708333333333336 0.007407407407407408
0 0.59375 0.1162037037037037 0.005208333333333333 0.008333333333333333
1 0.6059895833333333 0.5453703703703704 0.025520833333333333 0.020370370370370372
1 0.6322916666666667 0.5939814814814814 0.022916666666666665 0.03611111111111111
3 0.6604166666666667 0.6018518518518519 0.005208333333333333 0.009259259259259259
3 0.5494791666666666 0.2898148148148148 0.0020833333333333333 0.007407407407407408
3 0.546875 0.2777777777777778 0.004166666666666667 0.005555555555555556
3 0.7393229166666667 0.6138888888888889 0.0046875 0.009259259259259259
3 0.7447916666666666 0.6143518518518518 0.003125 0.010185185185185186
3 0.7494791666666667 0.6166666666666667 0.004166666666666667 0.009259259259259259
3 0.7544270833333333 0.6152777777777778 0.0036458333333333334 0.010185185185185186
3 0.7625 0.6166666666666667 0.005208333333333333 0.011111111111111112
3 0.765625 0.6138888888888889 0.005208333333333333 0.011111111111111112
3 0.76953125 0.6175925925925926 0.0036458333333333334 0.012962962962962963
3 0.7723958333333333 0.6162037037037037 0.003125 0.010185185185185186
3 0.7776041666666667 0.6152777777777778 0.0020833333333333333 0.010185185185185186
3 0.7854166666666667 0.6185185185185185 0.0020833333333333333 0.012962962962962963
3 0.7885416666666667 0.6162037037037037 0.0020833333333333333 0.008333333333333333
3 0.7984375 0.6143518518518518 0.0020833333333333333 0.010185185185185186
3 0.8078125 0.6143518518518518 0.003125 0.008333333333333333
3 0.8174479166666667 0.6143518518518518 0.0015625 0.013888888888888888
3 0.8208333333333333 0.6162037037037037 0.004166666666666667 0.010185185185185186
0 0.94453125 0.8865740740740741 0.019270833333333334 0.04351851851851852
0 0.8903645833333333 0.7527777777777778 0.013020833333333334 0.022222222222222223
0 0.9078125 0.7462962962962963 0.016666666666666666 0.02962962962962963
0 0.9153645833333334 0.7375 0.011979166666666667 0.025
0 0.9252604166666667 0.7333333333333333 0.022395833333333334 0.027777777777777776
0 0.94296875 0.7296296296296296 0.025520833333333333 0.03888888888888889
3 0.7940104166666667 0.624537037037037 0.0067708333333333336 0.006481481481481481
3 0.8028645833333333 0.625462962962963 0.005729166666666666 0.006481481481481481
3 0.809375 0.6277777777777778 0.005208333333333333 0.011111111111111112
1 0.26484375 0.9527777777777777 0.033854166666666664 0.02962962962962963
0 0.2625 0.9717592592592592 0.03229166666666667 0.028703703703703703
3 0.4588541666666667 0.962037037037037 0.004166666666666667 0.018518518518518517
3 0.4622395833333333 0.9597222222222223 0.0036458333333333334 0.019444444444444445
3 0.4674479166666667 0.961574074074074 0.0036458333333333334 0.021296296296296296
