2 0.846507 0.793056 0.00735294 0.0138889 0.400146
3 0.863971 0.785185 0.00735294 0.0148148 0.505371
2 0.881893 0.547685 0.0101103 0.0175926 0.507812
2 0.689338 0.933333 0.00919118 0.0111111 0.549805
3 0.77114 0.787963 0.0202206 0.00925926 0.605957
3 0.863971 0.793519 0.00735294 0.0166667 0.607422
3 0.772059 0.7 0.0220588 0.0111111 0.611328
3 0.772059 0.809722 0.0183824 0.00833333 0.62207
3 0.772059 0.818519 0.0183824 0.00740741 0.638184
2 0.863051 0.783333 0.00735294 0.0111111 0.687988
3 0.846507 0.795833 0.00919118 0.0212963 0.715332
3 0.772059 0.830093 0.0183824 0.00833333 0.72998
2 0.860294 0.756944 0.0110294 0.012037 0.730469
2 0.895221 0.611111 0.0110294 0.0148148 0.736816
3 0.773897 0.751852 0.0220588 0.0111111 0.736816
3 0.773897 0.741667 0.0220588 0.00925926 0.743652
3 0.772978 0.799074 0.0202206 0.00925926 0.752441
3 0.894761 0.615741 0.0119485 0.0222222 0.773438
3 0.859835 0.761111 0.0101103 0.0222222 0.776855
3 0.279871 0.912037 0.015625 0.0240741 0.793457
0 0.928309 0.025 0.0183824 0.0259259 0.800781
0 0.977022 0.613426 0.0220588 0.0398148 0.803223
0 0.929228 0.0601852 0.0165441 0.0314815 0.808594
3 0.881434 0.55 0.0110294 0.0259259 0.822266
0 0.933364 0.0912037 0.0174632 0.0287037 0.842285
0 0.957721 0.397222 0.0238971 0.0425926 0.85791
0 0.514706 0.706481 0.0441176 0.0388889 0.858887
0 0.910846 0.389815 0.0220588 0.0388889 0.867188
1 0.831342 0.612037 0.0229779 0.0462963 0.883789
0 0.892004 0.0703704 0.0174632 0.0296296 0.891113
0 0.891085 0.675 0.0248162 0.05 0.901367
0 0.227482 0.913889 0.0615809 0.0277778 0.903809
0 0.556066 0.834722 0.0275735 0.0564815 0.905273
1 0.461397 0.83287 0.0330882 0.0638889 0.912109
0 0.894301 0.75463 0.0238971 0.0537037 0.91748
0 0.618566 0.908796 0.0625 0.0305556 0.91748
1 0.520221 0.835185 0.0367647 0.0666667 0.918457
0 0.837316 0.716667 0.0238971 0.0592593 0.921875
1 0.948529 0.450463 0.0238971 0.0509259 0.932129
0 0.762408 0.875926 0.0505515 0.062963 0.944336
