3 0.516085 0.614815 0.0266544 0.0185185 0.416748
3 0.839154 0.531482 0.00919118 0.0185185 0.64502
3 0.698529 0.503704 0.0257353 0.0148148 0.754395
3 0.524357 0.63287 0.0321691 0.0194444 0.759277
2 0.860294 0.532407 0.00919118 0.0166667 0.77002
3 0.519301 0.621296 0.03125 0.0203704 0.815918
3 0.616268 0.917593 0.0505515 0.0314815 0.849121
0 0.918658 0.756481 0.0395221 0.0314815 0.875
1 0.576287 0.799537 0.0680147 0.087963 0.891602
0 0.861213 0.758796 0.0386029 0.0361111 0.898438
0 0.705882 0.651852 0.0367647 0.037037 0.899414
0 0.867647 0.587037 0.0808824 0.0333333 0.899414
0 0.613511 0.653704 0.0358456 0.0388889 0.900879
0 0.975184 0.758333 0.0441176 0.0351852 0.903809
0 0.754596 0.653241 0.0404412 0.0398148 0.903809
0 0.806066 0.757407 0.0459559 0.037037 0.909668
0 0.84329 0.556481 0.078125 0.0351852 0.909668
0 0.778493 0.527778 0.0643382 0.0296296 0.915039
