2 0.709559 0.14537 0.00735294 0.00740741 0.355469
2 0.715533 0.641667 0.00643382 0.012963 0.468506
3 0.691176 0.976852 0.0110294 0.0259259 0.572754
0 0.981618 0.00509259 0.0183824 0.0101852 0.58252
2 0.713235 0.894444 0.00735294 0.0111111 0.595215
3 0.709559 0.148148 0.00735294 0.012963 0.662109
0 0.883732 0.243981 0.0193015 0.0157407 0.75
3 0.715074 0.643519 0.00735294 0.0185185 0.750488
3 0.712776 0.9 0.00827206 0.0222222 0.772949
0 0.888787 0.264352 0.0220588 0.0175926 0.802246
0 0.882353 0.227315 0.0275735 0.0157407 0.806641
0 0.994485 0.0935185 0.00919118 0.0277778 0.815918
1 0.411765 0.61713 0.0294118 0.0842593 0.816895
0 0.911305 0.363889 0.0450368 0.0203704 0.84375
0 0.886949 0.177315 0.0386029 0.0175926 0.845215
0 0.920037 0.384259 0.0422794 0.0203704 0.852539
0 0.97886 0.0916667 0.0202206 0.0277778 0.854492
0 0.973346 0.164815 0.0202206 0.0314815 0.85791
0 0.88511 0.19537 0.0404412 0.0203704 0.860352
0 0.917279 0.0893519 0.0183824 0.0342593 0.864746
0 0.727482 0.235648 0.015625 0.0305556 0.868652
0 0.69761 0.544444 0.0238971 0.0444444 0.871094
0 0.921415 0.476852 0.046875 0.0259259 0.875977
0 0.695772 0.862037 0.0238971 0.05 0.888672
0 0.670037 0.331019 0.0165441 0.0342593 0.889648
0 0.902574 0.512037 0.0404412 0.0351852 0.894531
0 0.93704 0.786111 0.0505515 0.0425926 0.90332
0 0.360754 0.875463 0.0542279 0.0268519 0.905762
0 0.361213 0.937963 0.0569853 0.0240741 0.909668
0 0.734835 0.75463 0.0248162 0.0537037 0.911133
0 0.869945 0.112963 0.0413603 0.0222222 0.921875
1 0.352482 0.834722 0.0634191 0.0342593 0.922363
