3 0.133732 0.614815 0.0266544 0.0185185 0.414062
3 0.456801 0.531482 0.00919118 0.0185185 0.648438
3 0.142004 0.63287 0.0321691 0.0194444 0.753906
3 0.316176 0.503704 0.0257353 0.0148148 0.754395
2 0.477941 0.532407 0.00919118 0.0166667 0.772949
3 0.136949 0.621296 0.03125 0.0203704 0.810547
3 0.233915 0.917593 0.0505515 0.0314815 0.849121
0 0.536765 0.756481 0.0404412 0.0314815 0.883301
1 0.193934 0.799537 0.0680147 0.087963 0.890137
0 0.485294 0.587037 0.0808824 0.0333333 0.899414
0 0.323529 0.651852 0.0367647 0.037037 0.899414
0 0.231158 0.653704 0.0358456 0.0388889 0.900391
0 0.47886 0.758796 0.0386029 0.0361111 0.902832
0 0.371783 0.653241 0.0395221 0.0398148 0.903809
0 0.650735 0.759259 0.0477941 0.037037 0.906738
0 0.423713 0.757407 0.0459559 0.037037 0.909668
0 0.592371 0.758333 0.0450368 0.0351852 0.909668
0 0.460938 0.556481 0.078125 0.0351852 0.909668
0 0.39614 0.527778 0.0643382 0.0296296 0.915039
