2 0.326746 0.14537 0.00643382 0.00740741 0.355469
2 0.33318 0.641667 0.00643382 0.012963 0.467529
0 0.680147 0.00462963 0.0183824 0.00925926 0.565918
3 0.308364 0.976852 0.0101103 0.0259259 0.575684
0 0.704044 0.00462963 0.0220588 0.00925926 0.591797
2 0.330882 0.894444 0.00735294 0.0111111 0.595215
0 0.599265 0.00509259 0.0165441 0.0101852 0.652344
0 0.00321691 0.875 0.00643382 0.0240741 0.654785
3 0.326746 0.148148 0.00643382 0.012963 0.662109
0 0.00367647 0.938426 0.00735294 0.025 0.696289
0 0.84375 0.0606481 0.0147059 0.0268519 0.713867
0 0.95864 0.100926 0.0238971 0.0203704 0.733398
0 0.857537 0.00972222 0.0165441 0.0194444 0.743652
0 0.838235 0.00833333 0.0183824 0.0148148 0.744141
3 0.332721 0.643519 0.00735294 0.0185185 0.749512
0 0.501379 0.243981 0.0193015 0.0157407 0.759277
3 0.330423 0.9 0.00827206 0.0222222 0.772949
0 0.914062 0.0115741 0.0229779 0.0212963 0.782227
0 0.738971 0.0560185 0.0147059 0.0231481 0.798828
0 0.897518 0.0648148 0.0211397 0.0277778 0.805176
0 0.506434 0.264352 0.0220588 0.0175926 0.807617
0 0.877298 0.00833333 0.0193015 0.0148148 0.812012
0 0.5 0.227315 0.0275735 0.0157407 0.814453
1 0.0280331 0.62037 0.0303309 0.0851852 0.822754
0 0.758732 0.0574074 0.0174632 0.0259259 0.841797
0 0.528952 0.363889 0.0450368 0.0203704 0.844727
0 0.596507 0.0912037 0.0202206 0.0268519 0.850586
0 0.537684 0.384259 0.0422794 0.0203704 0.855469
0 0.504596 0.176852 0.0386029 0.0185185 0.859375
0 0.917279 0.062963 0.0220588 0.0277778 0.861816
0 0.619485 0.0930556 0.0202206 0.0268519 0.865723
0 0.590993 0.164815 0.0202206 0.0314815 0.867188
0 0.502757 0.19537 0.0404412 0.0203704 0.867676
0 0.664522 0.0958333 0.0202206 0.0287037 0.868652
0 0.345129 0.235648 0.015625 0.0305556 0.869141
0 0.315257 0.544444 0.0238971 0.0444444 0.870605
0 0.534926 0.0888889 0.0183824 0.0333333 0.872559
0 0.686581 0.0976852 0.0202206 0.0305556 0.874023
0 0.539062 0.476852 0.046875 0.0259259 0.882324
0 0.313879 0.862037 0.0229779 0.05 0.888672
0 0.287684 0.331019 0.0165441 0.0342593 0.889648
0 0.519761 0.512037 0.0413603 0.0351852 0.89502
0 0.352482 0.75463 0.0248162 0.0537037 0.911133
0 0.555147 0.786574 0.0496324 0.0435185 0.912598
0 0.487592 0.112963 0.0413603 0.0222222 0.925293
