0 0.83984375 0.84921875 0.0453125 0.1015625
0 0.9296875 0.58671875 0.05625 0.0796875
0 0.7984375 0.85234375 0.0625 0.0828125
0 0.88515625 0.47890625 0.0453125 0.0921875
0 0.78671875 0.59921875 0.0484375 0.1046875
0 0.83046875 0.61640625 0.0515625 0.1203125
0 0.72265625 0.46875 0.0578125 0.103125
0 0.8796875 0.59375 0.053125 0.096875
0 0.7375 0.840625 0.05625 0.1
0 0.9546875 0.8265625 0.05625 0.09375
0 0.89921875 0.846875 0.0640625 0.090625
0 0.83125 0.459375 0.0375 0.090625
0 0.7265625 0.603125 0.04375 0.1125
3 0.65 0.26953125 0.025 0.0390625
3 0.684375 0.27734375 0.021875 0.0484375
3 0.70390625 0.27265625 0.0203125 0.0359375
3 0.921875 0.265625 0.025 0.0375
3 0.95625 0.27265625 0.015625 0.0359375
3 0.98515625 0.27421875 0.0234375 0.0328125
