3 0.9859375 0.953125 0.028125 0.01875
3 0.946875 0.9484375 0.034375 0.028125
3 0.7515625 0.80234375 0.040625 0.0171875
3 0.28203125 0.34140625 0.0171875 0.0203125
3 0.053125 0.34921875 0.025 0.0234375
3 0.02421875 0.36015625 0.0140625 0.0328125
0 0.36015625 0.36875 0.0578125 0.071875
0 0.41484375 0.36484375 0.0546875 0.0765625
0 0.509375 0.37265625 0.05625 0.0703125
0 0.55625 0.3578125 0.05 0.0625
0 0.7 0.3625 0.084375 0.04375
0 0.8171875 0.39453125 0.084375 0.0484375
2 0.85625 0.8734375 0.0125 0.021875
2 0.83203125 0.890625 0.0140625 0.03125
