3 0.4078125 0.953125 0.028125 0.01875
3 0.36875 0.9484375 0.034375 0.028125
3 0.1734375 0.80234375 0.040625 0.0171875
0 0.121875 0.3625 0.084375 0.04375
0 0.2390625 0.39453125 0.084375 0.0484375
0 0.52890625 0.11015625 0.0609375 0.0703125
0 0.5234375 0.03984375 0.03125 0.0515625
0 0.5625 0.11015625 0.03125 0.0546875
0 0.75078125 0.10234375 0.0296875 0.0703125
0 0.79296875 0.1890625 0.0953125 0.0375
0 0.790625 0.109375 0.028125 0.071875
0 0.82109375 0.09765625 0.0296875 0.0671875
0 0.88515625 0.11875 0.0296875 0.05625
2 0.278125 0.8734375 0.0125 0.021875
2 0.25390625 0.890625 0.0140625 0.03125
