0 0.659375 0.478125 0.040625 0.09375
0 0.51171875 0.4484375 0.0546875 0.08125
0 0.4796875 0.58515625 0.0625 0.0828125
0 0.5640625 0.47578125 0.04375 0.0921875
0 0.78046875 0.45 0.0359375 0.103125
0 0.63125 0.5890625 0.053125 0.0875
0 0.8703125 0.48515625 0.04375 0.0828125
0 0.72578125 0.45546875 0.0390625 0.1015625
0 0.62265625 0.47890625 0.0484375 0.0984375
0 0.57734375 0.58671875 0.0546875 0.0953125
0 0.78359375 0.58984375 0.0578125 0.1046875
0 0.940625 0.5734375 0.05 0.1
0 0.4640625 0.47734375 0.046875 0.1203125
0 0.26171875 0.84921875 0.0453125 0.1015625
0 0.3515625 0.58671875 0.05625 0.0796875
0 0.9234375 0.44453125 0.05 0.0953125
0 0.2203125 0.85234375 0.0625 0.0828125
0 0.30703125 0.47890625 0.0453125 0.0921875
0 0.82109375 0.45546875 0.0484375 0.0859375
0 0.20859375 0.59921875 0.0484375 0.1046875
0 0.6359375 0.8203125 0.059375 0.08125
0 0.6703125 0.584375 0.040625 0.0875
0 0.25234375 0.61640625 0.0515625 0.1203125
0 0.51328125 0.5828125 0.0453125 0.090625
0 0.14453125 0.46875 0.0578125 0.103125
0 0.83515625 0.60078125 0.0359375 0.0796875
0 0.3015625 0.59375 0.053125 0.096875
0 0.7296875 0.6046875 0.046875 0.096875
0 0.159375 0.840625 0.05625 0.1
0 0.3765625 0.8265625 0.05625 0.09375
0 0.4859375 0.846875 0.096875 0.121875
0 0.89609375 0.8421875 0.0484375 0.09375
0 0.32109375 0.846875 0.0640625 0.090625
0 0.575 0.85078125 0.05625 0.0984375
0 0.253125 0.459375 0.0375 0.090625
0 0.4109375 0.57890625 0.05 0.0796875
0 0.853125 0.83984375 0.075 0.0859375
0 0.9296875 0.828125 0.0625 0.078125
0 0.1484375 0.603125 0.04375 0.1125
0 0.534375 0.8484375 0.065625 0.109375
0 0.8 0.83671875 0.059375 0.1046875
0 0.68203125 0.8421875 0.0515625 0.11875
0 0.421875 0.84609375 0.059375 0.1265625
3 0.071875 0.26953125 0.025 0.0390625
3 0.10625 0.27734375 0.021875 0.0484375
3 0.12578125 0.27265625 0.0203125 0.0359375
3 0.34375 0.265625 0.025 0.0375
3 0.378125 0.27265625 0.015625 0.0359375
3 0.40703125 0.27421875 0.0234375 0.0328125
3 0.44453125 0.2640625 0.0234375 0.040625
