0 0.26171875 0.16171875 0.0453125 0.1015625
0 0.2203125 0.16484375 0.0625 0.0828125
0 0.6359375 0.1328125 0.059375 0.08125
0 0.159375 0.153125 0.05625 0.1
0 0.95859375 0.5171875 0.0515625 0.09375
0 0.3765625 0.1390625 0.05625 0.09375
0 0.4859375 0.159375 0.096875 0.121875
0 0.89609375 0.1546875 0.0484375 0.09375
0 0.32109375 0.159375 0.0640625 0.090625
0 0.575 0.16328125 0.05625 0.0984375
0 0.853125 0.15234375 0.075 0.0859375
0 0.9296875 0.140625 0.0625 0.078125
0 0.27265625 0.284375 0.0484375 0.103125
0 0.534375 0.1609375 0.065625 0.109375
0 0.8 0.14921875 0.059375 0.1046875
0 0.68203125 0.1546875 0.0515625 0.11875
0 0.21484375 0.2703125 0.0453125 0.0875
0 0.15546875 0.27890625 0.0421875 0.1171875
0 0.421875 0.15859375 0.059375 0.1265625
