0 0.64453125 0.97734375 0.0421875 0.0203125
0 0.6359375 0.95390625 0.0625 0.0265625
0 0.61640625 0.934375 0.0515625 0.03125
0 0.615625 0.9265625 0.05625 0.015625
0 0.60625 0.9078125 0.0375 0.01875
0 0.59296875 0.8859375 0.0390625 0.01875
0 0.603125 0.87421875 0.040625 0.0234375
0 0.59921875 0.85703125 0.0296875 0.0109375
0 0.396875 0.86015625 0.034375 0.0359375
0 0.359375 0.80078125 0.01875 0.0296875
0 0.34296875 0.76953125 0.0234375 0.0234375
0 0.321875 0.65234375 0.01875 0.0234375
0 0.27578125 0.65546875 0.0234375 0.0140625
0 0.26640625 0.6328125 0.0203125 0.01875
0 0.16015625 0.434375 0.0234375 0.0125
0 0.28125 0.3546875 0.01875 0.015625
0 0.23203125 0.28046875 0.0203125 0.0140625
0 0.23359375 0.2640625 0.0203125 0.0125
0 0.359375 0.19609375 0.015625 0.0140625
1 0.39609375 0.9203125 0.0765625 0.034375
3 0.2265625 0.4890625 0.00625 0.0125
3 0.21875 0.46875 0.0125 0.009375
