0 0.14140625 0.45 0.0515625 0.08125
0 0.0265625 0.48515625 0.04375 0.0828125
0 0.096875 0.5734375 0.05 0.1
0 0.1953125 0.45390625 0.046875 0.0921875
0 0.0796875 0.44453125 0.05 0.0953125
0 0.15234375 0.565625 0.0546875 0.09375
0 0.1953125 0.56796875 0.04375 0.0921875
0 0.05234375 0.8421875 0.0484375 0.09375
0 0.0859375 0.828125 0.0625 0.078125
0 0.25234375 0.57109375 0.0578125 0.0953125
0 0.20546875 0.834375 0.0515625 0.0875
0 0.16484375 0.83828125 0.0515625 0.1015625
1 0.575 0.59453125 0.05 0.1359375
3 0.52109375 0.24609375 0.0203125 0.0328125
3 0.5703125 0.25390625 0.01875 0.0359375
3 0.5921875 0.2515625 0.021875 0.05
3 0.60625 0.24765625 0.0125 0.0421875
