0 0.66484375 0.33359375 0.0484375 0.0265625
0 0.65390625 0.31171875 0.0546875 0.0203125
0 0.64453125 0.28984375 0.0421875 0.0203125
0 0.6359375 0.26640625 0.0625 0.0265625
0 0.61640625 0.246875 0.0515625 0.03125
0 0.615625 0.2390625 0.05625 0.015625
0 0.60625 0.2203125 0.0375 0.01875
0 0.59296875 0.1984375 0.0390625 0.01875
0 0.603125 0.18671875 0.040625 0.0234375
0 0.59921875 0.16953125 0.0296875 0.0109375
0 0.5640625 0.475 0.0375 0.053125
0 0.50234375 0.3890625 0.0328125 0.040625
0 0.396875 0.17265625 0.034375 0.0359375
0 0.359375 0.11328125 0.01875 0.0296875
0 0.34296875 0.08203125 0.0234375 0.0234375
1 0.39609375 0.2328125 0.0765625 0.034375
1 0.475 0.31484375 0.06875 0.0609375
3 0.559375 0.328125 0.015625 0.015625
3 0.79609375 0.3484375 0.0140625 0.015625
3 0.8125 0.34921875 0.009375 0.0171875
3 0.8265625 0.353125 0.0125 0.015625
3 0.84140625 0.35078125 0.0109375 0.0171875
3 0.865625 0.353125 0.015625 0.01875
3 0.875 0.3484375 0.015625 0.01875
3 0.88671875 0.3546875 0.0109375 0.021875
3 0.8953125 0.35234375 0.009375 0.0171875
3 0.9109375 0.35078125 0.00625 0.0171875
3 0.934375 0.35625 0.00625 0.021875
3 0.94375 0.35234375 0.00625 0.0140625
3 0.9734375 0.34921875 0.00625 0.0171875
3 0.96015625 0.36640625 0.0203125 0.0109375
3 0.98671875 0.36796875 0.0171875 0.0109375
