0 0.08671875 0.33359375 0.0484375 0.0265625
0 0.07578125 0.31171875 0.0546875 0.0203125
0 0.06640625 0.28984375 0.0421875 0.0203125
0 0.0578125 0.26640625 0.0625 0.0265625
0 0.03828125 0.246875 0.0515625 0.03125
0 0.0375 0.2390625 0.05625 0.015625
0 0.028125 0.2203125 0.0375 0.01875
0 0.025 0.18671875 0.040625 0.0234375
0 0.02109375 0.16953125 0.0296875 0.0109375
3 0.21796875 0.3484375 0.0140625 0.015625
3 0.234375 0.34921875 0.009375 0.0171875
3 0.2484375 0.353125 0.0125 0.015625
3 0.26328125 0.35078125 0.0109375 0.0171875
3 0.2875 0.353125 0.015625 0.01875
3 0.296875 0.3484375 0.015625 0.01875
3 0.30859375 0.3546875 0.0109375 0.021875
3 0.3171875 0.35234375 0.009375 0.0171875
3 0.3328125 0.35078125 0.00625 0.0171875
3 0.35625 0.35625 0.00625 0.021875
3 0.365625 0.35234375 0.00625 0.0140625
3 0.3953125 0.34921875 0.00625 0.0171875
3 0.4234375 0.34921875 0.009375 0.0140625
3 0.45234375 0.34921875 0.0046875 0.0234375
3 0.4625 0.35234375 0.0125 0.0171875
0 0.83359375 0.80859375 0.0578125 0.0734375
0 0.67109375 0.5828125 0.0390625 0.0375
0 0.7234375 0.571875 0.05 0.05
0 0.74609375 0.55703125 0.0359375 0.0421875
0 0.77578125 0.55 0.0671875 0.046875
0 0.82890625 0.54375 0.0765625 0.065625
3 0.38203125 0.36640625 0.0203125 0.0109375
3 0.40859375 0.36796875 0.0171875 0.0109375
3 0.428125 0.371875 0.015625 0.01875
