3 0.5799632352941176 0.5648148148148148 0.016544117647058824 0.011111111111111112
3 0.5569852941176471 0.562037037037037 0.02022058823529412 0.016666666666666666
3 0.4420955882352941 0.475462962962963 0.02389705882352941 0.010185185185185186
3 0.16590073529411764 0.2023148148148148 0.01011029411764706 0.012037037037037037
3 0.03125 0.20694444444444443 0.014705882352941176 0.013888888888888888
3 0.014246323529411764 0.21342592592592594 0.008272058823529412 0.019444444444444445
0 0.21185661764705882 0.21851851851851853 0.03400735294117647 0.04259259259259259
0 0.24402573529411764 0.2162037037037037 0.03216911764705882 0.04537037037037037
0 0.29963235294117646 0.22083333333333333 0.03308823529411765 0.041666666666666664
0 0.3272058823529412 0.21203703703703702 0.029411764705882353 0.037037037037037035
0 0.4117647058823529 0.21481481481481482 0.04963235294117647 0.025925925925925925
0 0.4806985294117647 0.2337962962962963 0.04963235294117647 0.028703703703703703
2 0.5036764705882353 0.5175925925925926 0.007352941176470588 0.012962962962962963
2 0.48943014705882354 0.5277777777777778 0.008272058823529412 0.018518518518518517
