0 0.49402573529411764 0.5032407407407408 0.02665441176470588 0.06018518518518518
0 0.546875 0.3476851851851852 0.03308823529411765 0.04722222222222222
0 0.4696691176470588 0.5050925925925925 0.03676470588235294 0.049074074074074076
0 0.5206801470588235 0.28379629629629627 0.02665441176470588 0.05462962962962963
0 0.46277573529411764 0.35509259259259257 0.02849264705882353 0.062037037037037036
0 0.4885110294117647 0.36527777777777776 0.030330882352941176 0.0712962962962963
0 0.4250919117647059 0.2777777777777778 0.03400735294117647 0.06111111111111111
0 0.5174632352941176 0.35185185185185186 0.03125 0.05740740740740741
0 0.4338235294117647 0.4981481481481482 0.03308823529411765 0.05925925925925926
0 0.5615808823529411 0.4898148148148148 0.03308823529411765 0.05555555555555555
0 0.5289522058823529 0.5018518518518519 0.03768382352941176 0.053703703703703705
0 0.4889705882352941 0.2722222222222222 0.022058823529411766 0.053703703703703705
0 0.4273897058823529 0.3574074074074074 0.025735294117647058 0.06666666666666667
3 0.38235294117647056 0.1597222222222222 0.014705882352941176 0.023148148148148147
3 0.4025735294117647 0.16435185185185186 0.012867647058823529 0.028703703703703703
3 0.4140625 0.16157407407407406 0.011948529411764705 0.021296296296296296
3 0.5422794117647058 0.1574074074074074 0.014705882352941176 0.022222222222222223
3 0.5625 0.16157407407407406 0.009191176470588236 0.021296296296296296
3 0.5795036764705882 0.1625 0.013786764705882353 0.019444444444444445
