3 0.19761029411764705 0.5648148148148148 0.016544117647058824 0.011111111111111112
3 0.17463235294117646 0.562037037037037 0.02022058823529412 0.016666666666666666
3 0.05974264705882353 0.475462962962963 0.02389705882352941 0.010185185185185186
0 0.029411764705882353 0.21481481481481482 0.04963235294117647 0.025925925925925925
0 0.09834558823529412 0.2337962962962963 0.04963235294117647 0.028703703703703703
0 0.2688419117647059 0.06527777777777778 0.035845588235294115 0.041666666666666664
0 0.265625 0.02361111111111111 0.01838235294117647 0.030555555555555555
0 0.28860294117647056 0.06527777777777778 0.01838235294117647 0.032407407407407406
0 0.3993566176470588 0.060648148148148145 0.017463235294117647 0.041666666666666664
0 0.4241727941176471 0.11203703703703703 0.05606617647058824 0.022222222222222223
0 0.4227941176470588 0.06481481481481481 0.016544117647058824 0.04259259259259259
0 0.4407169117647059 0.05787037037037037 0.017463235294117647 0.03981481481481482
0 0.47840073529411764 0.07037037037037037 0.017463235294117647 0.03333333333333333
2 0.1213235294117647 0.5175925925925926 0.007352941176470588 0.012962962962962963
2 0.10707720588235294 0.5277777777777778 0.008272058823529412 0.018518518518518517
