0 0.34558823529411764 0.2833333333333333 0.02389705882352941 0.05555555555555555
0 0.2587316176470588 0.2657407407407407 0.03216911764705882 0.04814814814814815
0 0.23988970588235295 0.34675925925925927 0.03676470588235294 0.049074074074074076
0 0.28952205882352944 0.28194444444444444 0.025735294117647058 0.05462962962962963
0 0.41681985294117646 0.26666666666666666 0.021139705882352942 0.06111111111111111
0 0.3290441176470588 0.3490740740740741 0.03125 0.05185185185185185
0 0.5372242647058824 0.26666666666666666 0.030330882352941176 0.04814814814814815
0 0.4696691176470588 0.2875 0.025735294117647058 0.049074074074074076
0 0.38465073529411764 0.26990740740740743 0.02297794117647059 0.06018518518518518
0 0.3239889705882353 0.28379629629629627 0.02849264705882353 0.058333333333333334
0 0.29733455882352944 0.3476851851851852 0.03216911764705882 0.05648148148148148
0 0.4186580882352941 0.34953703703703703 0.03400735294117647 0.062037037037037036
0 0.5110294117647058 0.3398148148148148 0.029411764705882353 0.05925925925925926
0 0.23069852941176472 0.2828703703703704 0.027573529411764705 0.0712962962962963
0 0.11167279411764706 0.5032407407407408 0.02665441176470588 0.06018518518518518
0 0.5689338235294118 0.2689814814814815 0.027573529411764705 0.05462962962962963
0 0.1645220588235294 0.3476851851851852 0.03308823529411765 0.04722222222222222
0 0.5009191176470589 0.26342592592592595 0.029411764705882353 0.05648148148148148
0 0.08731617647058823 0.5050925925925925 0.03676470588235294 0.049074074074074076
0 0.13832720588235295 0.28379629629629627 0.02665441176470588 0.05462962962962963
0 0.5436580882352942 0.3351851851851852 0.03216911764705882 0.05555555555555555
0 0.4407169117647059 0.26990740740740743 0.02849264705882353 0.05092592592592592
0 0.5689338235294118 0.3365740740740741 0.025735294117647058 0.05462962962962963
0 0.08042279411764706 0.35509259259259257 0.02849264705882353 0.062037037037037036
0 0.3318014705882353 0.4861111111111111 0.034926470588235295 0.04814814814814815
0 0.35202205882352944 0.34629629629629627 0.02389705882352941 0.05185185185185185
0 0.10615808823529412 0.36527777777777776 0.030330882352941176 0.0712962962962963
0 0.25965073529411764 0.3453703703703704 0.02665441176470588 0.053703703703703705
0 0.042738970588235295 0.2777777777777778 0.03400735294117647 0.06111111111111111
0 0.4489889705882353 0.3560185185185185 0.021139705882352942 0.04722222222222222
0 0.13511029411764705 0.35185185185185186 0.03125 0.05740740740740741
0 0.3869485294117647 0.35833333333333334 0.027573529411764705 0.05740740740740741
0 0.051470588235294115 0.4981481481481482 0.03308823529411765 0.05925925925925926
0 0.1792279411764706 0.4898148148148148 0.03308823529411765 0.05555555555555555
0 0.24356617647058823 0.5018518518518519 0.05698529411764706 0.07222222222222222
0 0.48483455882352944 0.49907407407407406 0.02849264705882353 0.05555555555555555
0 0.14659926470588236 0.5018518518518519 0.03768382352941176 0.053703703703703705
0 0.2959558823529412 0.5041666666666667 0.03308823529411765 0.058333333333333334
0 0.10661764705882353 0.2722222222222222 0.022058823529411766 0.053703703703703705
0 0.19944852941176472 0.34305555555555556 0.029411764705882353 0.04722222222222222
0 0.45955882352941174 0.4976851851851852 0.04411764705882353 0.05092592592592592
0 0.5045955882352942 0.49074074074074076 0.03676470588235294 0.046296296296296294
0 0.04503676470588235 0.3574074074074074 0.025735294117647058 0.06666666666666667
0 0.27205882352941174 0.5027777777777778 0.03860294117647059 0.06481481481481481
0 0.42830882352941174 0.49583333333333335 0.034926470588235295 0.062037037037037036
0 0.35891544117647056 0.49907407407407406 0.030330882352941176 0.07037037037037037
0 0.5510110294117647 0.49675925925925923 0.030330882352941176 0.06018518518518518
0 0.20588235294117646 0.5013888888888889 0.034926470588235295 0.075
3 0.02022058823529412 0.16435185185185186 0.012867647058823529 0.028703703703703703
3 0.03170955882352941 0.16157407407407406 0.011948529411764705 0.021296296296296296
3 0.15992647058823528 0.1574074074074074 0.014705882352941176 0.022222222222222223
3 0.1801470588235294 0.16157407407407406 0.009191176470588236 0.021296296296296296
3 0.19715073529411764 0.1625 0.013786764705882353 0.019444444444444445
3 0.2192095588235294 0.15648148148148147 0.013786764705882353 0.024074074074074074
