0 0.034466911764705885 0.26666666666666666 0.021139705882352942 0.06111111111111111
0 0.15487132352941177 0.26666666666666666 0.030330882352941176 0.04814814814814815
0 0.08731617647058823 0.2875 0.025735294117647058 0.049074074074074076
0 0.03630514705882353 0.34953703703703703 0.03400735294117647 0.062037037037037036
0 0.12867647058823528 0.3398148148148148 0.029411764705882353 0.05925925925925926
0 0.18658088235294118 0.2689814814814815 0.027573529411764705 0.05462962962962963
0 0.11856617647058823 0.26342592592592595 0.029411764705882353 0.05648148148148148
0 0.16130514705882354 0.3351851851851852 0.03216911764705882 0.05555555555555555
0 0.058363970588235295 0.26990740740740743 0.02849264705882353 0.05092592592592592
0 0.18658088235294118 0.3365740740740741 0.025735294117647058 0.05462962962962963
0 0.0666360294117647 0.3560185185185185 0.021139705882352942 0.04722222222222222
0 0.10248161764705882 0.49907407407407406 0.02849264705882353 0.05555555555555555
0 0.07720588235294118 0.4976851851851852 0.04411764705882353 0.05092592592592592
0 0.12224264705882353 0.49074074074074076 0.03676470588235294 0.046296296296296294
0 0.22012867647058823 0.3384259259259259 0.03400735294117647 0.05648148148148148
0 0.19255514705882354 0.49444444444444446 0.030330882352941176 0.05185185185185185
0 0.04595588235294118 0.49583333333333335 0.034926470588235295 0.062037037037037036
0 0.16865808823529413 0.49675925925925923 0.030330882352941176 0.06018518518518518
1 0.4099264705882353 0.3523148148148148 0.029411764705882353 0.08055555555555556
3 0.3782169117647059 0.14583333333333334 0.011948529411764705 0.019444444444444445
3 0.4071691176470588 0.15046296296296297 0.011029411764705883 0.021296296296296296
3 0.42003676470588236 0.14907407407407408 0.012867647058823529 0.02962962962962963
3 0.42830882352941174 0.14675925925925926 0.007352941176470588 0.025
