0 0.4508272058823529 0.5791666666666667 0.024816176470588234 0.012037037037037037
0 0.44577205882352944 0.5652777777777778 0.03676470588235294 0.01574074074074074
0 0.4342830882352941 0.5537037037037037 0.030330882352941176 0.018518518518518517
0 0.4338235294117647 0.549074074074074 0.03308823529411765 0.009259259259259259
0 0.42830882352941174 0.537962962962963 0.022058823529411766 0.011111111111111112
0 0.42049632352941174 0.525 0.02297794117647059 0.011111111111111112
0 0.4264705882352941 0.5180555555555556 0.02389705882352941 0.013888888888888888
0 0.4241727941176471 0.5078703703703704 0.017463235294117647 0.006481481481481481
0 0.30514705882352944 0.5097222222222222 0.02022058823529412 0.021296296296296296
0 0.28308823529411764 0.47453703703703703 0.011029411764705883 0.017592592592592594
0 0.2734375 0.45601851851851855 0.013786764705882353 0.013888888888888888
0 0.2610294117647059 0.38657407407407407 0.011029411764705883 0.013888888888888888
0 0.2339154411764706 0.38842592592592595 0.013786764705882353 0.008333333333333333
0 0.22840073529411764 0.375 0.011948529411764705 0.011111111111111112
0 0.16590073529411764 0.2574074074074074 0.013786764705882353 0.007407407407407408
0 0.23713235294117646 0.2101851851851852 0.011029411764705883 0.009259259259259259
0 0.20818014705882354 0.16620370370370371 0.011948529411764705 0.008333333333333333
0 0.20909926470588236 0.15648148148148147 0.011948529411764705 0.007407407407407408
0 0.28308823529411764 0.1162037037037037 0.009191176470588236 0.008333333333333333
1 0.3046875 0.5453703703703704 0.04503676470588235 0.020370370370370372
3 0.20496323529411764 0.2898148148148148 0.003676470588235294 0.007407407407407408
3 0.20036764705882354 0.2777777777777778 0.007352941176470588 0.005555555555555556
