2 0.0818015 0.793056 0.00735294 0.0138889 0.42041
2 0.117188 0.547685 0.0101103 0.0175926 0.506836
3 0.0983456 0.785185 0.00735294 0.0148148 0.51123
3 0.0992647 0.793519 0.00735294 0.0166667 0.608398
3 0.0078125 0.787963 0.015625 0.00925926 0.685547
2 0.0983456 0.783333 0.00735294 0.0111111 0.687012
3 0.00873162 0.809722 0.015625 0.00833333 0.714355
3 0.0818015 0.795833 0.00919118 0.0212963 0.714844
3 0.00827206 0.82963 0.0147059 0.00925926 0.730469
2 0.0955882 0.756944 0.00919118 0.012037 0.731934
2 0.130515 0.611111 0.0110294 0.0148148 0.737305
3 0.00827206 0.818056 0.0165441 0.00833333 0.743164
3 0.0101103 0.740741 0.0183824 0.0111111 0.748047
3 0.0951287 0.760648 0.0101103 0.0212963 0.776855
3 0.130055 0.615741 0.0119485 0.0203704 0.777832
0 0.212316 0.614815 0.0220588 0.0407407 0.778809
3 0.00965074 0.752315 0.0193015 0.012037 0.786133
3 0.00919118 0.799074 0.0183824 0.00925926 0.795898
3 0.00919118 0.699074 0.0183824 0.012963 0.79834
0 0.164062 0.025 0.0174632 0.0259259 0.805664
0 0.164062 0.0601852 0.0174632 0.0314815 0.8125
3 0.116728 0.55 0.0110294 0.0259259 0.823242
0 0.168658 0.0912037 0.0174632 0.0287037 0.851562
0 0.0110294 0.878704 0.0220588 0.0574074 0.862305
0 0.192555 0.397222 0.0229779 0.0425926 0.870117
0 0.14614 0.389815 0.0220588 0.0388889 0.875977
0 0.127298 0.0703704 0.0174632 0.0296296 0.891113
1 0.066636 0.6125 0.0229779 0.0453704 0.89209
0 0.126379 0.675 0.0248162 0.05 0.906738
0 0.129136 0.75463 0.0248162 0.0537037 0.918457
0 0.505974 0.880556 0.0634191 0.0351852 0.924805
0 0.0721507 0.716667 0.0229779 0.0592593 0.928711
1 0.183824 0.450463 0.0238971 0.0509259 0.933105
